PVCDROM Graph Data
Select, Copy and Paste into Excel etc.
http://www.pveducation.org/pvcdrom
Latitude (degrees, South is negative)	-30
Day: 	1	Jan 1
Hour (24h)	 direct radiation (kW/m2)
0	0
0.125	0
0.25	0
0.375	0
0.5	0
0.625	0
0.75	0
0.875	0
1	0
1.125	0
1.25	0
1.375	0
1.5	0
1.625	0
1.75	0
1.875	0
2	0
2.125	0
2.25	0
2.375	0
2.5	0
2.625	0
2.75	0
2.875	0
3	0
3.125	0
3.25	0
3.375	0
3.5	0
3.625	0
3.75	0
3.875	0
4	0
4.125	0
4.25	0
4.375	0
4.5	0
4.625	0
4.75	0
4.875	0
5	0
5.125	8.224305882344136e-8
5.25	0.003228513103247359
5.375	0.034126004907035025
5.5	0.09631381628228951
5.625	0.17255821604547855
5.75	0.2506374651625284
5.875	0.32479587680709426
6	0.39287574859880653
6.125	0.4544122400537014
6.25	0.5096714894106587
6.375	0.5591980152697182
6.5	0.6036087068409999
6.625	0.6435030631708605
6.75	0.6794277585505665
6.875	0.7118662612755109
7	0.7412396131571919
7.125	0.7679117698628167
7.25	0.7921963978670225
7.375	0.8143637137650591
7.5	0.8346467700863156
7.625	0.8532469840880005
7.75	0.8703388884283252
7.875	0.8860741615506238
8	0.9005850240720182
8.125	0.9139870920389745
8.25	0.926381771897945
8.375	0.9378582720225962
8.5	0.9484952948102326
8.625	0.9583624631423726
8.75	0.9675215259599689
8.875	0.9760273799691146
9	0.9839289380090613
9.125	0.9912698692423725
9.25	0.9980892319067333
9.375	1.0044220157440726
9.5	1.010299608256501
9.625	1.0157501965111038
9.75	1.0207991142273458
9.875	1.0254691422497122
10	1.0297807691672718
10.125	1.033752417736699
10.25	1.037400641851899
10.375	1.0407402980461418
10.5	1.0437846948827056
10.625	1.046545723064179
10.75	1.0490339686498298
10.875	1.0512588113995114
11	1.053228509948862
11.125	1.0549502752538864
11.25	1.0564303335149077
11.375	1.0576739795934755
11.5	1.0586856217652698
11.625	1.0594688185025825
11.75	1.060026307847475
11.875	1.0603600298177343
12	1.0604711421792477
12.125	1.0603600298177343
12.25	1.060026307847475
12.375	1.0594688185025825
12.5	1.0586856217652698
12.625	1.0576739795934755
12.75	1.0564303335149077
12.875	1.0549502752538864
13	1.053228509948862
13.125	1.0512588113995114
13.25	1.0490339686498298
13.375	1.046545723064179
13.5	1.0437846948827056
13.625	1.0407402980461418
13.75	1.037400641851899
13.875	1.033752417736699
14	1.0297807691672718
14.125	1.0254691422497122
14.25	1.0207991142273458
14.375	1.0157501965111038
14.5	1.010299608256501
14.625	1.0044220157440726
14.75	0.9980892319067333
14.875	0.9912698692423725
15	0.9839289380090613
15.125	0.9760273799691146
15.25	0.9675215259599689
15.375	0.9583624631423726
15.5	0.9484952948102326
15.625	0.9378582720225962
15.75	0.926381771897945
15.875	0.9139870920389745
16	0.9005850240720182
16.125	0.8860741615506238
16.25	0.8703388884283252
16.375	0.8532469840880005
16.5	0.8346467700863156
16.625	0.8143637137650591
16.75	0.7921963978670225
16.875	0.7679117698628167
17	0.7412396131571919
17.125	0.7118662612755109
17.25	0.6794277585505665
17.375	0.6435030631708605
17.5	0.6036087068409999
17.625	0.5591980152697182
17.75	0.5096714894106587
17.875	0.4544122400537014
18	0.39287574859880653
18.125	0.32479587680709426
18.25	0.2506374651625284
18.375	0.17255821604547855
18.5	0.09631381628228951
18.625	0.034126004907035025
18.75	0.003228513103247359
18.875	8.224305882344136e-8
19	0
19.125	0
19.25	0
19.375	0
19.5	0
19.625	0
19.75	0
19.875	0
20	0
20.125	0
20.25	0
20.375	0
20.5	0
20.625	0
20.75	0
20.875	0
21	0
21.125	0
21.25	0
21.375	0
21.5	0
21.625	0
21.75	0
21.875	0
22	0
22.125	0
22.25	0
22.375	0
22.5	0
22.625	0
22.75	0
22.875	0
23	0
23.125	0
23.25	0
23.375	0
23.5	0
23.625	0
23.75	0
23.875	0
24	0
24.125	0
24.25	0
24.375	0
24.5	0
24.625	0
24.75	0
24.875	0